33314
33312
33310
33314
33315
33310
33310
33309
33308
33309
33309
33310
33312
33312
33308
33305
33305
33309
33311
33310
33310
33310
33310
33309
33304
33304
33302
33300
33301
33297
33295
33295
33297
33301
33301
33301
33298
33300
33297
33300
33296
33297
33296
33293
33297
33302
33302
33308
33309
33307
33309
33304
33303
33302
33300
33300
33267
33204
33140
33101
33088
33090
33098
33105
33102
33073
33025
32980
32960
32960
32963
32974
32988
33000
33015
33035
33051
33069
33066
33051
33034
33020
33015
33020
33033
33049
33069
33090
33102
33098
33087
33066
33039
32999
32954
32923
32905
32902
32904
32917
32937
32959
32994
33028
33061
33089
33109
33133
33156
33174
33185
33199
33211
33220
33228
33235
33235
33245
33246
33250
33252
33252
33254
33254
33257
33253
33252
33249
33249
33250
33243
33235
33234
33227
33187
33095
32487
31826
31332
31239
31152
31104
31097
31142
31221
31473
31520
31598
31691
31768
31793
31756
31162
30602
30529
30476
30410
30118
30065
30041
30062
30153
30526
30768
31015
31094
31407
31485
31754
31818
31907
32160
32197
32258
32328
32403
32477
32545
32601
32645
32678
32706
32728
32751
32774
32795
32803
32813
32803
32759
32693
32626
32539
32249
32189
32104
32038
32024
32050
32108
32178
32253
32320
32391
32456
32519
32580
32640
32693
32740
32779
32809
32841
32869
32890
32909
32929
32950
32966
32981
32998
33008
33018
33028
33039
33046
33059
33067
33068
33073
33075
33081
33088
33090
33092
33101
33101
33108
33111
33112
33119
33126
33132
33140
33145
33147
33150
33154
33153
33158
33161
33164
33164
33163
33165
33169
33167
32822
31691
30711
30417
30431
30477
30715
30775
31033
31102
31368
31419
31495
31730
31785
31872
32125
32167
32236
32312
32394
32470
32554
32626
32685
32748
32806
32850
32888
32917
32943
32965
32979
32994
33007
33016
33025
33034
33042
33051
33059
33063
33071
33073
33080
33090
33094
33098
33103
33109
33116
33125
33132
33137
33144
33147
33152
33154
33158
33163
33169
33173
33173
33176
33177
33180
33183
33183
33183
33191
33193
33198
33197
33197
33197
33200
33206
33208
33208
33213
33206
33190
33129
32600
32314
32293
32303
32348
32421
32508
32594
32681
32758
32829
32882
32924
32959
32987
33009
33037
33055