32992
32994
33001
33003
33009
33009
33008
33008
33003
33005
33005
33006
33009
33008
33002
32999
32998
32995
32989
32987
32977
32975
32976
32974
32969
32969
32970
32970
32970
32966
32971
32976
32987
32999
33012
33022
33039
33049
33058
33061
33060
33058
33052
33045
33038
33036
33033
33032
33030
33031
33037
33039
33042
33053
33053
33056
33058
33058
33059
33056
33052
33060
33065
33061
33071
33076
33077
33078
33081
33084
33086
33088
33086
33084
33081
33081
33077
33076
33078
33077
33080
33083
33087
33091
33091
33095
33100
33105
33114
33114
33119
33124
33131
33135
33143
33145
33149
33153
33156
33156
33163
33164
33166
33163
33163
33160
33157
33162
33164
33164
33161
33154
33149
33149
33148
33145
33140
33128
33124
33120
33118
33115
33118
33124
33128
33134
33131
33132
33126
33126
33121
33119
33115
33108
33094
33088
33076
33037
32964
32715
32659
32586
32535
32508
32506
32520
32538
32545
32548
32540
32528
32508
32490
32467
32444
32418
32401
32400
32414
32444
32480
32524
32575
32627
32681
32734
32779
32824
32868
32905
32930
32959
32982
32999
33017
33032
33043
33043
32973
32664
32600
32514
32430
32357
32298
32260
32246
32263
32306
32357
32413
32466
32507
32540
32572
32605
32633
32667
32695
32728
32755
32777
32792
32811
32830
32844
32856
32873
32889
32905
32915
32921
32926
32926
32927
32935
32942
32955
32971
32989
33001
33012
33023
33031
33043
33051
33060
33065
33074
33078
33084
33097
33099
33104
33106
33108
33116
33119
33118
33119
33116
33116
33112
33101
33097
33092
33080
33073
33070
33065
33061
33059
33059
33056
33059
33053
33046
33043
33042
33043
33039
33035
33036
33033
33035
33029
33030
33028
33024
33023
33025
33025
33026
33029
33026
33024
33022
33022
33023
33021
33018
33016
33018
33023
33019
33019
33022
33022
33028
33035
33042
33045
33052
33058
33060
33063
33067
33066
33063
33067
33071
33072
33076
33080
33080
33079
33079
33078
33077
33077
33078
33077
33074
33073
33071
33078
33083
33087
33091
33098
33108
33115
33122
33128
33135
33139
33142
33141
33142
33135
33135
33127
33126
33120
33113
33106
33099
33095
33090
33084
33070
33056
33037
33024
33017
33004
32996
32991
32992
32990
32997
32998
33005
33005
33003
33001
33004
33005