32100
32152
32231
32321
32410
32492
32565
32623
32679
32727
32769
32800
32827
32847
32868
32881
32895
32906
32918
32924
32937
32952
32966
32974
32988
32998
33007
33011
33016
33030
33034
33037
33046
33050
33056
33066
33070
33076
33081
33084
33085
33088
33085
33080
33083
33081
33073
33073
33073
33078
33078
33081
33084
33090
33089
33091
33096
33097
33095
33095
33099
33102
33102
33106
33106
33104
33094
33084
33073
33066
33056
33049
33039
33034
33034
33040
33047
33051
33051
33061
33073
33084
33094
33103
33106
33119
33130
33138
33145
33151
33145
33142
33140
33136
33136
33137
33129
33108
33080
33049
33021
32996
32979
32970
32961
32965
32965
32967
32963
32956
32947
32933
32933
32939
32949
32959
32973
32988
32995
33005
33016
33029
33040
33047
33049
33055
33062
33064
33063
33059
33049
33044
33042
33043
33047
33053
33064
33069
33075
33082
33091
33098
33101
33105
33115
33119
33126
33130
33132
33133
33129
33123
33111
33098
33084
33076
33062
33048
33036
33021
33007
32978
32931
32889
32858
32834
32819
32813
32806
32803
32791
32769
32703
32064
31481
30925
30203
29783
29737
29705
29695
29713
29737
29812
30197
30466
30756
30763
30681
30665
30702
30749
30752
30048
29169
28760
28681
28415
28351
28290
28305
28377
28735
28817
28888
28943
29026
29340
29371
29381
29374
29344
29333
29383
29695
29789
30156
30234
30532
30594
30832
30878
30971
31220
31268
31343
31590
31637
31709
31786
31868
31939
32001
32065
32127
32186
32246
32310
32370
32420
32439
32418
32366
32296
32210
31954
31893
31834
31823
31860
31928
32003
32080
32167
32235
32283
32311
32355
32398
32448
32497
32541
32575
32606
32634
32668
32695
32704
32713
32716
32705
32698
32693
32696
32703
32720
32737
32757
32778
32801
32826
32842
32861
32881
32897
32910
32926
32937
32932
32931
32925
32925
32929
32931
32930
32924
32919
32913
32910
32902
32899
32897
32904
32906
32913
32920
32927
32938
32945
32952
32952
32953
32954
32957
32967
32966
32960
32946
32876
32365
31982
31630
31315
31233
31144
31089
31111
31203
31552
31627
31915
31968
32049
32120
32164
32156
31694
30681
29806
29271
29211
29176
29170
29179
29207
29247
29303
29602
29872
30129
30378
30628
30867
30946
31254
31317
31562
31609