32469
32476
32489
32503
32510
32492
32468
32439
32411
32393
32388
32394
32410
32437
32465
32496
32517
32533
32551
32566
32573
32579
32583
32588
32587
32583
32574
32565
32554
32545
32540
32528
32503
32473
32446
32425
32418
32414
32416
32425
32444
32466
32485
32503
32512
32521
32524
32516
32505
32497
32501
32512
32524
32542
32563
32576
32583
32587
32587
32594
32599
32609
32622
32637
32652
32673
32690
32709
32730
32747
32765
32780
32801
32821
32836
32855
32868
32881
32895
32905
32908
32912
32916
32919
32918
32920
32924
32922
32922
32917
32919
32924
32924
32925
32925
32929
32932
32937
32944
32945
32951
32956
32958
32964
32971
32981
32988
32994
32999
33001
33005
33007
33012
33014
33013
33015
33018
33018
33014
33015
33008
32999
32971
32903
32634
32596
32548
32504
32479
32469
32469
32482
32493
32506
32520
32544
32575
32611
32652
32696
32730
32762
32787
32813
32829
32835
32837
32841
32843
32841
32841
32823
32795
32758
32723
32695
32685
32681
32679
32633
31846
31344
31297
31286
31322
31390
31459
31514
31531
31531
31543
31589
31666
31903
31951
32038
32277
32317
32380
32445
32516
32581
32634
32681
32723
32761
32796
32826
32850
32871
32890
32906
32919
32924
32936
32943
32947
32953
32952
32959
32964
32972
32981
32988
32998
33002
33007
33012
33021
33025
33027
33030
33034
33037
33036
33035
33041
33039
33039
33036
33030
33022
33015
33001
32989
32978
32965
32953
32951
32947
32945
32947
32952
32959
32958
32959
32968
32973
32984
32989
32996
33002
33006
33008
33008
33013
33016
33019
33020
33018
33018
33015
33015
33016
33021
33022
33026
33027
33023
33025
33023
33028
33030
33030
33030
33026
33032
33032
33030
33035
33034
33035
33035
33037
33036
33040
33037
33039
33042
33051
33050
33051
33056
33059
33062
33060
33059
33060
33046
32996
32906
32595
32527
32257
32210
32173
32149
32152
32173
32210
32243
32259
32262
32262
32266
32277
32278
32277
32277
32291
32314
32339
32374
32415
32466
32520
32579
32635
32686
32732
32774
32813
32843
32874
32901
32926
32941
32956
32972
32984
32993
32998
33007
33019
33028
33033
33034
33039
33041
33043
33041
33040
33040
33039
33032
33034
33034
33039
33040
33044
33043
33046
33048
33049
33053
33057
33062
33066