33260
33263
33263
33253
33248
33244
33236
33231
33231
33231
33229
33231
33229
33236
33236
33239
33236
33228
33219
33211
33202
33195
33190
33179
33166
33159
33155
33153
33157
33164
33175
33187
33195
33200
33204
33209
33212
33214
33215
33218
33219
33219
33214
33211
33208
33211
33218
33225
33230
33234
33235
33238
33237
33231
33231
33226
33235
33243
33253
33264
33270
33267
33270
33269
33263
33263
33265
33266
33262
33264
33258
33248
33244
33244
33249
33249
33249
33250
33248
33248
33244
33239
33237
33232
33234
33234
33234
33234
33231
33231
33234
33229
33230
33231
33237
33241
33237
33244
33249
33256
33257
33262
33266
33269
33271
33273
33276
33280
33279
33273
33269
33269
33269
33269
33266
33264
33259
33255
33255
33250
33248
33250
33253
33255
33257
33257
33248
33187
32902
32840
32589
32543
32497
32478
32476
32486
32495
32503
32514
32529
32545
32568
32600
32639
32687
32740
32794
32850
32899
32941
32988
33030
33064
33093
33112
33136
33150
33161
33167
33171
33175
33168
33162
33157
33150
33122
33077
33008
32761
32701
32627
32569
32543
32540
32555
32582
32624
32664
32693
32708
32723
32739
32762
32783
32799
32820
32846
32878
32911
32941
32968
32996
33019
33038
33053
33069
33080
33088
33094
33105
33112
33111
33112
33109
33115
33112
33111
33106
33104
33102
33102
33104
33104
33104
33106
33106
33112
33114
33118
33122
33131
33141
33146
33148
33149
33152
33153
33157
33156
33156
33157
33160
33167
33173
33177
33183
33189
33196
33196
33198
33205
33203
33204
33209
33211
33210
33209
33214
33207
33207
33202
33197
33193
33190
33191
33190
33187
33182
33176
33182
33184
33188
33191
33195
33201
33212
33222
33230
33234
33236
33239
33235
33234
33238
33234
33230
33230
33228
33228
33229
33230
33225
33231
33235
33241
33248
33249
33253
33256
33260
33265
33263
33263
33263
33262
33265
33267
33258
33258
33255
33250
33250
33246
33242
33241
33242
33246
33251
33256
33253
33253
33253
33252
33252
33255
33253
33250
33250
33249
33253
33258
33265
33267
33272
33271
33270
33260
33255
33244
33226
33210
33191
33177
33159
33147
33134
33131
33128
33126
33134
33134
33136
33140
33149
33156
33162
33169
33181
33193
33202
33210
33222
33231
33242
33251
33257
33260
33262