33215
33181
33155
33129
33113
33097
33073
33054
33031
33017
33008
33003
32998
32988
32985
32977
32975
32976
32985
32992
33004
33019
33033
33047
33066
33081
33097
33109
33124
33136
33141
33145
33145
33146
33143
33143
33147
33149
33153
33159
33164
33163
33162
33156
33152
33149
33147
33145
33142
33138
33136
33134
33134
33129
33127
33134
33140
33146
33155
33167
33176
33179
33184
33187
33191
33187
33180
33183
33180
33175
33174
33175
33179
33180
33180
33179
33176
33173
33173
33173
33170
33170
33163
33154
33155
33153
33150
33150
33154
33149
33150
33146
33146
33147
33146
33141
33142
33143
33145
33143
33146
33152
33149
33148
33146
33152
33152
33150
33153
33155
33156
33159
33157
33157
33146
33140
33132
33127
33118
33108
33106
33105
33104
33104
33099
33099
33092
33087
33087
33090
33097
33101
33113
33128
33146
33162
33176
33187
33195
33204
33205
33201
33197
33195
33193
33190
33181
33171
33160
33154
33150
33140
33135
33131
33127
33131
33139
33149
33157
33160
33167
33174
33181
33187
33189
33194
33194
33189
33169
33134
33083
33036
32995
32969
32959
32954
32953
32957
32964
32971
32983
32995
33006
33023
33040
33054
33071
33084
33091
33097
33101
33108
33111
33118
33121
33125
33131
33136
33147
33157
33166
33173
33176
33183
33190
33197
33202
33208
33208
33182
33108
32837
32776
32716
32688
32691
32705
32735
32771
32811
32854
32885
32911
32934
32949
32963
32978
32988
32997
33015
33030
33044
33056
33070
33079
33093
33107
33116
33122
33125
33122
33122
33122
33119
33116
33116
33118
33116
33119
33119
33125
33131
33135
33140
33145
33146
33148
33150
33159
33164
33167
33168
33173
33175
33173
33174
33171
33173
33170
33163
33159
33161
33161
33156
32907
32387
32034
31981
31945
31937
31966
32029
32117
32371
32414
32481
32556
32631
32707
32772
32831
32880
32919
32946
32970
32995
33009
33017
33026
33037
33043
33050
33047
33052
33052
33052
33053
33056
33057
33067
33077
33083
33086
33086
33079
33066
33053
33044
33035
33031
33028
33032
33037
33049
33064
33073
33086
33104
33115
33118
33128
33139
33141
33139
33148
33146
33146
33145
33132
33098
33054
33009
32970
32942
32925
32918
32920
32936
32957
32983
33006
33030
33049
33061
33073
33081
33093
33104