33059
33052
33054
33056
33059
33061
33066
33070
33079
33086
33084
33086
33088
33087
33090
33092
33093
33097
33097
33098
33105
33105
33109
33114
33116
33119
33120
33124
33128
33128
33128
33126
33121
33119
33115
33084
32287
30577
29628
28680
28374
28391
28401
28479
28860
29114
29379
29456
29532
29618
29709
29791
29874
29960
30218
30274
30361
30647
30704
30783
30860
30924
30984
31060
31307
31363
31603
31660
31745
31984
32023
32082
32151
32221
32286
32339
32392
32432
32459
32471
32473
32467
32460
32459
32463
32468
32475
32479
32485
32492
32506
32517
32524
32533
32542
32554
32570
32586
32603
32617
32639
32666
32692
32707
32728
32746
32757
32768
32777
32785
32790
32792
32791
32790
32781
32776
32769
32770
32775
32782
32794
32812
32831
32847
32866
32874
32885
32892
32896
32905
32914
32919
32920
32916
32913
32905
32901
32898
32889
32881
32884
32885
32886
32878
32873
32861
32850
32844
32841
32840
32850
32867
32886
32893
32898
32902
32907
32907
32905
32900
32896
32894
32894
32894
32891
32891
32893
32894
32896
32901
32905
32908
32905
32901
32899
32896
32893
32889
32874
32859
32836
32822
32808
32802
32799
32797
32799
32801
32799
32801
32803
32812
32819
32827
32839
32851
32861
32867
32875
32884
32894
32901
32909
32918
32922
32929
32944
32961
32969
32978
32983
32988
32990
32997
33002
33004
33002
33002
33006
33003
33001
33002
32999
33002
33003
33004
32999
33003
33002
33002
32999
33003
33003
33001
32995
32991
32990
32992
32991
32990
32989
32984
32983
32983
32981
32978
32976
32976
32974
32973
32973
32973
32973
32975
32978
32985
32988
32992
32999
33004
33008
33015
33019
33019
33019
33022
33026
33025
33022
33012
33010
33003
33001
32992
32990
32991
32998
32998
33001
33009
33011
33014
33019
33022
33026
33025
33025
33026
33023
33021
33016
33009
33003
33001
32998
32992
32992
32989
32988
32973
32962
32950
32932
32921
32908
32899
32884
32868
32850
32837
32822
32810
32810
32815
32823
32827
32838
32845
32852
32856
32861
32866
32873
32873
32878
32882
32893
32901
32911
32920
32928
32933
32939
32943
32950
32959
32968
32974
32981
32990
32990
32995
33004
33008
33012
33017
33015
33017
33017
33025
33028
33033
33036
33038
33043
33043
33047
33050