31292
31335
31410
31646
31693
31774
32009
32055
32111
32172
32232
32293
32339
32382
32426
32468
32516
32564
32614
32664
32709
32755
32795
32830
32860
32886
32907
32926
32944
32956
32968
32976
32988
32996
32999
32999
32995
32992
32983
32974
32969
32960
32961
32962
32967
32971
32978
32985
32994
33003
33009
33009
33009
33014
33015
33012
33008
32991
32980
32970
32956
32942
32928
32923
32926
32923
32926
32933
32937
32944
32944
32948
32950
32949
32946
32939
32920
32908
32901
32901
32905
32907
32919
32929
32941
32954
32964
32981
32991
33002
33009
33015
33022
33028
33028
32744
31997
31358
31042
31004
30996
31044
31304
31386
31683
31752
31988
32036
32110
32194
32274
32353
32428
32496
32547
32595
32641
32676
32708
32739
32772
32795
32813
32819
32823
32819
32808
32796
32779
32767
32753
32735
32721
32703
32689
32672
32653
32648
32644
32647
32657
32662
32664
32664
32669
32674
32679
32692
32708
32731
32760
32784
32809
32833
32854
32877
32889
32898
32905
32912
32912
32912
32908
32911
32916
32921
32925
32929
32930
32933
32933
32927
32929
32929
32929
32937
32940
32946
32949
32956
32967
32978
32992
33004
33021
33030
33040
33051
33058
33061
33064
33065
33069
33070
33073
33073
33070
33069
33069
33073
33078
33081
33084
33084
33086
33085
33084
33088
33090
33097
33100
33102
33106
33107
33112
33115
33113
33105
33104
33100
33095
33094
33091
33090
33083
33077
33072
33072
33069
33067
33063
33061
33060
33053
33053
33059
33060
33058
33058
33057
33058
33057
33057
33060
33065
33067
33072
33077
33081
33085
33085
33086
33086
33083
33084
33087
33085
33086
33091
33093
33098
33104
33108
33111
33109
33107
33109
33111
33109
33111
33106
33107
33105
33106
33111
33113
33116
33119
33114
33112
33112
33114
33113
33111
33113
33111
33105
33094
33085
33072
33059
33045
33033
33029
33026
33028
33028
33021
33006
32992
32980
32967
32954
32953
32954
32951
32956
32960
32970
32977
32988
32997
33005
33014
33022
33035
33042
33050
33056
33061
33073
33079
33086
33094
33098
33097
33094
33092
33086
33078
33064
33052
33033
33017
33001
32992
32985
32985
32988
32992
32997
33002
33005
33011
33018
33018
33021
33024
33023
33024
33026
33029
33029
33029
33032
33026
33022
33017