33014
32994
32981
32975
32964
32964
32969
32970
32973
32973
32970
32971
32975
32976
32980
32980
32982
32982
32980
32983
32987
32992
32997
32998
33002
33009
33012
33012
33019
33026
33031
33037
33049
33059
33067
33074
33077
33081
33086
33090
33092
33094
33099
33101
33101
33100
33102
33101
33101
33098
33093
33085
33079
33070
33058
33045
33036
33028
33022
33014
33015
33015
33018
33018
33026
33037
33040
33043
33047
33050
33044
33040
33038
33038
33032
33030
33025
32994
32929
32854
32790
32739
32702
32665
32632
32605
32585
32581
32585
32599
32618
32640
32668
32692
32717
32744
32770
32792
32818
32841
32863
32884
32902
32916
32918
32923
32926
32923
32925
32932
32946
32960
32970
32975
32973
32969
32967
32960
32957
32953
32946
32943
32948
32947
32954
32949
32940
32922
32904
32888
32874
32865
32857
32851
32837
32836
32840
32851
32851
32861
32871
32881
32898
32915
32927
32934
32939
32937
32936
32927
32907
32854
32575
32492
32173
32107
31840
31770
31514
31128
30781
30746
30760
30802
30768
30144
29882
29857
29831
29816
29826
29857
29932
30228
30313
30671
30762
31113
31188
31464
31520
31608
31869
31913
31987
32069
32155
32231
32306
32371
32432
32486
32533
32573
32610
32640
32665
32692
32717
32743
32762
32779
32802
32822
32838
32858
32870
32882
32891
32898
32899
32901
32904
32904
32896
32891
32891
32892
32900
32905
32921
32929
32942
32953
32962
32970
32974
32982
32988
32995
33002
33006
33014
33021
33025
33037
33043
33046
33052
33054
33051
33054
33054
33057
33053
33047
33043
33042
33039
33038
33033
33031
33026
33029
33029
33031
33030
33017
32990
32960
32932
32902
32884
32874
32875
32880
32884
32894
32906
32918
32928
32935
32946
32951
32951
32937
32888
32596
32526
32290
32267
32246
32236
32261
32308
32369
32434
32502
32570
32630
32692
32737
32777
32815
32845
32867
32887
32900
32913
32925
32932
32940
32947
32950
32962
32976
32980
32994
33008
33012
33021
33028
33030
33035
33042
33046
33058
33066
33071
33072
33074
33074
33071
33073
33080
33080
33084
33088
33093
33091
33088
33086
33084
33083
33078
33070
33066
33069
33073
33078
33083
33091
33095
33100
33105
33102
33100
33100
33098
33098
33099
33098
33106
33107
33115
33121
33126
33131