32971
32976
32974
32964
32955
32946
32940
32933
32932
32934
32936
32946
32954
32961
32967
32971
32971
32971
32974
32973
32948
32894
32802
32542
32509
32474
32446
32438
32454
32479
32514
32556
32598
32636
32674
32712
32742
32770
32796
32819
32844
32861
32877
32892
32905
32914
32923
32933
32935
32943
32944
32949
32951
32948
32950
32950
32950
32950
32951
32949
32947
32950
32954
32953
32948
32943
32940
32935
32926
32915
32907
32900
32895
32886
32886
32881
32884
32886
32888
32893
32902
32914
32921
32932
32937
32947
32949
32949
32951
32951
32949
32947
32937
32920
32913
32908
32908
32913
32927
32937
32948
32967
32976
32992
33002
33006
33014
33017
33017
33005
33001
32997
32982
32971
32966
32961
32966
32967
32968
32977
32981
32985
32988
32988
32987
32987
32983
32985
32987
32987
32992
32997
32998
32990
32964
32928
32893
32860
32840
32827
32819
32824
32826
32824
32823
32820
32825
32827
32837
32844
32853
32863
32866
32866
32866
32857
32837
32537
32260
32179
31882
31841
31793
31752
31704
31664
31629
31601
31591
31553
31486
31462
31511
31605
31862
31874
31888
31919
31967
32028
32097
32176
32259
32329
32392
32448
32497
32544
32591
32630
32665
32706
32742
32775
32803
32831
32856
32877
32895
32907
32923
32929
32939
32940
32942
32944
32950
32950
32948
32951
32953
32953
32951
32951
32951
32951
32947
32949
32949
32949
32950
32942
32937
32930
32916
32907
32895
32886
32879
32873
32872
32874
32874
32878
32879
32885
32892
32899
32906
32911
32918
32925
32928
32934
32932
32934
32934
32935
32936
32937
32942
32944
32949
32953
32960
32967
32973
32977
32984
32998
33003
33012
33018
33023
33026
33030
33030
33028
33025
33024
33019
33018
33021
33018
33016
33018
33018
33019
33022
33026
33025
33026
33026
33030
33029
33026
33026
33031
33038
33038
33036
33033
33030
33030
33030
33029
33031
33030
33031
33031
33031
33035
33042
33043
33045
33050
33053
33058
33057
33056
33053
33057
33053
33046
33037
33035
33036
33032
33029
33018
32782
32385
32039
31740
31478
31420
31387
31410
31479
31727
31778
31846
31918
31998
32087
32152
32158
32142
32129
32126
32115
32091
32070
32014
31942
31888
31854
31847
31870
31908
31930
31943
31956
31961
31977
32019
32073
32135