33167
33167
33174
33185
33192
33195
33207
33214
33212
33209
33206
33202
33204
33204
33205
33209
33213
33220
33228
33238
33247
33255
33259
33262
33267
33271
33275
33281
33283
33283
33282
33281
33279
33274
33275
33275
33275
33271
33274
33279
33281
33280
33284
33281
33279
33274
33270
33267
33257
33254
33249
33248
33248
33246
33243
33245
33242
33239
33238
33231
33231
33233
33240
33245
33252
33261
33269
33277
33283
33287
33289
33294
33303
33305
33309
33309
33309
33309
33309
33311
33307
33308
33304
33302
33300
33296
33290
33291
33290
33283
33279
33274
33267
33264
33262
33266
33268
33270
33277
33280
33287
33291
33291
33300
33304
33307
33311
33310
33314
33311
33304
33302
33296
33294
33290
33283
33282
33281
33279
33274
33273
33270
33271
33275
33277
33277
33276
33277
33284
33284
33282
33280
33275
33276
33276
33279
33280
33279
33282
33283
33281
33281
33281
33277
33280
33277
33277
33274
33279
33276
33279
33280
33282
33283
33283
33279
33271
33262
33260
33260
33257
33255
33255
33250
33250
33250
33248
33253
33253
33254
33253
33254
33253
33256
33256
33259
33261
33259
33255
33252
33254
33252
33253
33253
33255
33254
33252
33249
33249
33248
33249
33249
33254
33254
33256
33260
33262
33261
33264
33264
33261
33261
33260
33253
33254
33250
33249
33245
33245
33241
33243
33246
33245
33246
33245
33242
33243
33246
33249
33247
33247
33248
33250
33241
33238
33234
33226
33214
33207
33198
33191
33185
33178
33178
33180
33185
33192
33201
33213
33222
33232
33236
33241
33242
33247
33249
33249
33249
33250
33249
33249
33241
33236
33234
33228
33226
33229
33226
33227
33232
33239
33233
33236
33242
33248
33250
33256
33259
33260
33257
33262
33262
33263
33266
33266
33267
33264
33264
33263
33262
33261
33254
33248
33236
33225
33213
33202
33195
33184
33177
33167
33160
33153
33146
33144
33140
33136
33130
33131
33126
33122
33121
33118
33117
33122
33121
33118
33114
33109
33104
33099
33088
33071
33055
33041
33035
33037
33037
33043
33048
33053
33061
33069
33073
33082
33090
33096
33105
33105
33106
33109
33112
33115
33116
33112
33115
33110
33109
33108
33106
33102
33101
33101
33102
33098
33096
33092
33095
33094
33092
33095
33096
33104
33109
33112
33118
33123
33130