32914
32923
32929
32930
32936
32935
32939
32936
32930
32930
32928
32928
32927
32922
32911
32902
32894
32892
32893
32894
32901
32908
32920
32925
32935
32944
32949
32948
32942
32941
32944
32944
32949
32948
32948
32950
32950
32953
32956
32960
32964
32971
32978
32980
32984
32984
32984
32982
32959
32929
32898
32872
32847
32826
32803
32789
32784
32784
32785
32788
32796
32805
32813
32823
32827
32830
32830
32839
32845
32856
32867
32881
32891
32902
32907
32916
32928
32933
32942
32949
32959
32967
32971
32978
32987
32987
32988
32990
32990
32992
32992
32992
32991
32994
32994
32990
32987
32984
32982
32982
32980
32981
32985
32985
32985
32985
32987
32982
32980
32977
32976
32976
32980
32980
32982
32987
32989
32991
32985
32988
32990
32989
32991
32992
32989
32987
32994
32989
32994
32991
32996
33001
33008
33004
33005
33008
33016
33018
33018
33018
33018
33022
33019
33017
33010
33006
33004
33002
33004
33002
32997
32996
32990
32991
32994
32994
32991
32987
32991
32989
32991
32989
32990
32992
32992
32994
32994
32997
32996
32992
32997
32998
32997
33001
33004
33006
33006
33011
33015
33015
33016
33021
33022
33022
33024
33022
33018
33023
33024
33022
33022
33022
33019
33019
33021
33019
33015
33017
33012
33009
33004
33006
33003
32996
32991
32990
32981
32974
32968
32968
32968
32967
32964
32962
32967
32974
32978
32983
32990
32996
32998
33005
33008
33010
33006
33006
33004
33004
32998
32995
32992
32988
32984
32981
32983
32983
32984
32989
32984
32983
32980
32978
32978
32973
32971
32969
32969
32970
32971
32976
32971
32977
32980
32982
32982
32988
32994
32998
33004
33009
33011
33014
33016
33017
33022
33022
33025
33026
33028
33029
33036
33039
33044
33052
33050
33056
33060
33061
33064
33070
33070
33071
33072
33078
33079
33085
33088
33087
33086
33083
33080
33080
33073
33067
33065
33065
33065
33064
33063
33060
33058
33053
33057
33054
33054
33053
33052
33051
33051
33051
33051
33046
33045
33043
33039
33038
33039
33037
33039
33033
33031
33029
33025
33017
33011
33010
33014
33017
33017
33017
33018
33021
33025
33030
33031
33036
33033
33036
33040
33042
33044
33045
33047
33047
33051
33051
33051
33051
33051
33053
33049
33044
33032
33015
32989
32954
32919
32891