33069
33039
33015
33000
32998
32998
33002
33009
33018
33032
33040
33051
33061
33069
33074
33077
33077
33078
33076
33082
33084
33088
33087
33085
33089
33087
33084
33082
33081
33080
33084
33084
33082
33083
33083
33082
33082
33091
33091
33102
33110
33115
33119
33121
33129
33132
33132
33135
33142
33146
33154
33157
33159
33165
33163
33158
33158
33158
33156
33153
33151
33147
33142
33139
33135
33131
33128
33121
33110
33101
33095
33095
33102
33104
33104
33106
33111
33114
33109
33111
33111
33110
33110
33106
33111
33115
33122
33124
33126
33131
33135
33138
33147
33152
33156
33156
33157
33159
33151
33147
33140
33137
33128
33116
33102
33088
33082
33077
33076
33078
33080
33080
33075
33074
33076
33071
33061
33050
33025
32992
32946
32890
32843
32806
32773
32748
32739
32745
32769
32803
32847
32889
32931
32965
32995
33021
33035
33044
33042
33033
33026
33020
33014
33006
33004
32999
33002
32996
32986
32982
32979
32984
32992
33002
33016
33027
33035
33042
33037
33014
32977
32934
32890
32850
32810
32778
32752
32738
32740
32765
32793
32827
32858
32896
32930
32961
32989
33011
33027
33034
33043
33050
33055
33057
33062
33066
33073
33075
33080
33089
33088
33082
33075
33069
33068
33066
33067
33073
33080
33089
33098
33108
33117
33129
33133
33138
33138
33140
33151
33153
33156
33157
33154
33157
33154
33159
33164
33160
33159
33157
33156
33151
33151
33151
33151
33154
33156
33153
33159
33165
33171
33180
33183
33193
33198
33200
33200
33205
33202
33200
33201
33198
33194
33194
33188
33184
33181
33178
33179
33176
33177
33173
33171
33166
33160
33158
33153
33153
33151
33150
33150
33144
33138
33137
33138
33138
33136
33135
33137
33140
33150
33150
33156
33158
33163
33164
33163
33166
33166
33165
33161
33161
33158
33149
33142
33132
33125
33124
33121
33115
33112
33109
33105
33099
33095
33089
33084
33077
33074
33069
33069
33069
33067
33062
33063
33067
33069
33069
33066
33068
33071
33078
33085
33092
33099
33109
33114
33117
33121
33121
33125
33126
33129
33125
33123
33118
33115
33115
33115
33115
33119
33123
33132
33135
33139
33144
33147
33152
33154
33156
33151
33154
33154
33152
33149
33147
33144
33142
33139
33131
33129
33123
33118
33112
33109
33104
33098
33097