33130
33133
33133
33136
33139
33145
33149
33152
33156
33156
33160
33158
33158
33159
33161
33160
33163
33160
33163
33166
33169
33169
33173
33177
33179
33181
33181
33191
33195
33204
33207
33214
33222
33229
33234
33239
33241
33247
33249
33250
33250
33249
33248
33247
33246
33246
33243
33241
33241
33243
33241
33240
33242
33242
33239
33238
33233
33234
33227
33226
33225
33229
33232
33234
33236
33243
33249
33250
33250
33247
33246
33243
33240
33235
33228
33222
33213
33208
33207
33205
33204
33208
33207
33212
33215
33216
33221
33227
33234
33235
33239
33242
33242
33247
33249
33250
33253
33254
33249
33243
33240
33238
33235
33233
33229
33225
33220
33212
33206
33204
33200
33199
33199
33197
33194
33194
33191
33188
33190
33194
33190
33191
33195
33195
33195
33194
33194
33194
33187
33185
33184
33178
33176
33174
33169
33166
33165
33159
33154
33156
33153
33153
33147
33140
33139
33135
33133
33126
33121
33117
33112
33108
33103
33103
33101
33098
33097
33092
33091
33087
33088
33083
33087
33089
33091
33090
33091
33096
33097
33097
33091
33092
33089
33084
33082
33080
33078
33078
33073
33069
33060
33054
33050
33050
33055
33062
33069
33082
33097
33106
33119
33133
33150
33160
33170
33177
33184
33193
33192
33199
33204
33201
33206
33201
33198
33198
33193
33190
33185
33186
33185
33177
33167
33159
33145
33129
33110
33096
33085
33078
33071
33066
33061
33054
33049
33050
33057
33070
33077
33087
33090
33082
33061
33040
33009
32980
32964
32947
32938
32926
32910
32889
32863
32837
32815
32789
32757
32716
32664
32618
32574
32540
32508
32485
32462
32444
32431
32430
32430
32428
32432
32438
32444
32457
32462
32459
32452
32438
32430
32418
32407
32396
32387
32377
32367
32363
32369
32383
32401
32417
32423
32430
32434
32434
32432
32427
32409
32393
32374
32353
32334
32333
32353
32383
32418
32456
32490
32520
32545
32568
32593
32614
32626
32641
32658
32683
32699
32713
32727
32739
32744
32747
32748
32751
32748
32748
32745
32740
32736
32731
32726
32718
32713
32706
32707
32707
32711
32713
32720
32720
32723
32723
32718
32714
32713
32716
32711
32709
32702
32691
32682
32676
32677
32673
32677
32685
32697
32709
32714
32724
32736
32746
32761
32780
32795
32807
32821
32837