32897
32932
32952
32970
32979
32993
33001
33009
33012
33014
33012
33011
33015
33015
33015
33020
33020
33026
33027
33041
33048
33050
33055
33057
33057
33054
33053
33048
33047
33043
33039
33040
33040
33049
33063
33075
33087
33096
33109
33118
33125
33138
33149
33152
33151
33156
33159
33163
33161
33160
33154
33150
33140
33132
33126
33128
33123
33119
33118
33114
33114
33112
33112
33106
33096
33096
33088
33087
33082
33080
33077
33078
33074
33073
33076
33078
33077
33074
33069
33068
33061
33054
33049
33046
33046
33048
33047
33047
33048
33049
33051
33053
33055
33055
33060
33062
33062
33060
33059
33062
33060
33055
33054
33049
33047
33043
33044
33040
33035
33029
33022
33022
33020
33026
33028
33032
33032
33039
33041
33037
33029
33016
33005
32988
32972
32954
32932
32916
32894
32874
32849
32831
32815
32795
32776
32757
32740
32724
32713
32703
32698
32693
32686
32678
32673
32668
32666
32661
32656
32656
32658
32662
32669
32671
32669
32668
32668
32671
32682
32686
32685
32684
32682
32682
32690
32711
32741
32779
32819
32857
32895
32925
32950
32973
32989
33001
33015
33020
33025
33020
33025
33022
33023
33026
33028
33028
33035
33040
33041
33041
33042
33042
33046
33043
33048
33053
33054
33060
33063
33061
33056
33048
33039
33027
33019
33007
32999
32987
32974
32960
32944
32930
32923
32924
32926
32927
32940
32946
32953
32963
32979
32987
32993
33004
33007
33011
33006
32998
32995
32993
32988
32993
32996
33000
33002
33005
33004
32999
32996
32996
32995
32995
32995
32994
32989
32987
32981
32980
32981
32974
32974
32975
32978
32978
32973
32973
32979
32981
32988
32988
32998
32995
33000
33000
33002
33002
33007
33009
33011
33013
33019
33018
33020
33022
33028
33035
33042
33042
33049
33054
33057
33060
33067
33074
33078
33084
33088
33095
33104
33109
33116
33117
33117
33123
33125
33128
33125
33126
33119
33117
33117
33115
33116
33114
33117
33117
33118
33118
33114
33114
33116
33117
33119
33121
33122
33122
33122
33125
33122
33129
33125
33125
33125
33121
33118
33116
33114
33118
33115
33114
33116
33116
33116
33122
33124
33131
33137
33143
33150
33152
33154
33152
33145
33144
33146
33146
33144
33137
33137
33130
33125
33121
33116
33111
33109
33105
33103
33102