33168
33169
33168
33155
33147
33139
33136
33131
33132
33129
33126
33114
33107
33105
33106
33111
33115
33122
33127
33133
33147
33160
33176
33186
33189
33194
33197
33202
33208
33207
33208
33211
33207
33203
33200
33198
33198
33201
33203
33210
33212
33212
33212
33210
33208
33205
33204
33193
33187
33171
33162
33150
33142
33132
33126
33122
33119
33118
33115
33118
33119
33124
33128
33133
33133
33135
33133
33135
33138
33136
33139
33140
33136
33134
33134
33129
33116
33106
33092
33080
33063
33057
33054
33052
33050
33052
33051
33046
33043
33043
33046
33053
33063
33073
33078
33083
33086
33085
33091
33097
33106
33116
33128
33141
33159
33173
33188
33200
33211
33222
33235
33237
33244
33249
33252
33255
33255
33260
33265
33270
33271
33278
33277
33278
33283
33286
33291
33286
33286
33283
33279
33271
33266
33263
33256
33244
33235
33225
33209
33202
33190
33184
33175
33162
33157
33155
33150
33147
33147
33146
33146
33145
33148
33146
33146
33142
33142
33142
33147
33146
33148
33148
33153
33153
33157
33154
33152
33153
33150
33148
33143
33134
33132
33127
33120
33119
33119
33116
33116
33116
33120
33124
33132
33134
33134
33128
33124
33119
33116
33102
33093
33079
33067
33066
33059
33058
33054
33052
33053
33057
33058
33065
33064
33072
33081
33090
33097
33099
33108
33118
33122
33122
33129
33140
33145
33150
33152
33148
33150
33150
33147
33148
33148
33145
33147
33147
33139
33132
33126
33120
33116
33116
33113
33116
33122
33125
33120
33109
33088
33071
33054
33031
33019
33008
32989
32987
32981
32980
32971
32973
32975
32982
32994
33012
33023
33033
33047
33059
33066
33076
33083
33088
33095
33100
33107
33113
33115
33121
33122
33128
33133
33135
33141
33145
33145
33146
33147
33146
33138
33140
33141
33136
33139
33143
33148
33150
33155
33156
33157
33161
33160
33162
33161
33164
33164
33162
33160
33156
33161
33160
33167
33166
33168
33171
33173
33174
33177
33175
33182
33181
33186
33191
33194
33196
33196
33194
33194
33196
33194
33196
33198
33198
33200
33196
33194
33196
33190
33188
33188
33187
33183
33188
33193
33191
33188
33191
33188
33189
33186
33183
33182
33184
33181
33179
33176
33180
33177
33182
33182
33183
33186
33186
33184
33181
33177
33181
33179
33183