33156
33141
33124
33107
33097
33086
33081
33079
33077
33070
33070
33069
33069
33072
33078
33085
33094
33101
33108
33113
33122
33132
33136
33142
33148
33148
33147
33150
33148
33153
33156
33159
33159
33155
33154
33150
33147
33143
33139
33139
33138
33136
33139
33133
33132
33136
33132
33132
33131
33134
33138
33134
33136
33132
33129
33122
33121
33115
33111
33102
33088
33071
33052
33043
33045
33050
33052
33056
33053
33036
33009
32982
32961
32953
32948
32951
32953
32951
32951
32957
32963
32970
32967
32966
32966
32970
32980
32991
33008
33019
33029
33042
33045
33059
33076
33088
33099
33111
33122
33129
33132
33139
33142
33147
33153
33154
33159
33161
33159
33163
33160
33162
33164
33163
33161
33159
33160
33157
33155
33150
33146
33139
33131
33126
33121
33118
33120
33125
33129
33129
33134
33139
33142
33143
33152
33154
33154
33152
33147
33146
33143
33134
33122
33109
33101
33099
33094
33093
33094
33094
33090
33088
33085
33076
33069
33069
33067
33073
33083
33086
33092
33097
33095
33095
33102
33104
33105
33105
33109
33111
33122
33126
33134
33138
33142
33150
33153
33150
33152
33152
33145
33143
33143
33145
33147
33143
33142
33145
33145
33145
33143
33141
33141
33139
33135
33132
33128
33125
33121
33121
33127
33124
33126
33131
33135
33135
33136
33138
33138
33138
33136
33136
33139
33140
33140
33142
33149
33155
33156
33155
33154
33150
33153
33156
33155
33153
33147
33147
33146
33150
33150
33150
33153
33157
33156
33156
33154
33159
33160
33160
33160
33155
33156
33159
33155
33153
33156
33155
33155
33156
33155
33160
33162
33160
33161
33157
33156
33153
33153
33146
33141
33132
33125
33122
33119
33116
33112
33111
33112
33112
33106
33094
33081
33067
33047
33029
33012
32998
32984
32974
32966
32967
32966
32967
32974
32976
32983
32990
33002
33009
33021
33032
33050
33066
33079
33093
33100
33108
33120
33131
33140
33147
33159
33164
33164
33164
33169
33169
33171
33173
33171
33170
33170
33170
33174
33177
33171
33179
33181
33182
33184
33188
33187
33187
33182
33182
33180
33180
33181
33179
33176
33171
33171
33175
33175
33170
33161
33154
33150
33150
33145
33145
33145
33152
33147
33140
33128
33115
33112
33113
33114
33116
33120
33120
33115
33105
33092
33077