33184
33187
33188
33191
33201
33209
33209
33210
33212
33216
33218
33217
33215
33214
33212
33212
33211
33209
33208
33204
33203
33202
33198
33198
33198
33197
33195
33196
33198
33205
33210
33216
33223
33230
33228
33230
33235
33234
33236
33239
33239
33238
33242
33242
33243
33248
33250
33253
33253
33253
33255
33255
33256
33257
33258
33260
33269
33269
33266
33270
33266
33269
33267
33265
33263
33264
33262
33259
33252
33248
33249
33249
33249
33249
33256
33255
33249
33249
33248
33245
33243
33238
33226
33219
33219
33217
33219
33222
33214
33208
33195
33187
33182
33174
33173
33170
33175
33176
33176
33184
33189
33200
33204
33203
33200
33195
33193
33189
33182
33176
33168
33163
33162
33157
33153
33154
33150
33150
33154
33152
33157
33157
33160
33157
33160
33164
33164
33164
33162
33159
33156
33156
33156
33157
33160
33159
33157
33160
33159
33156
33152
33149
33153
33150
33157
33167
33170
33170
33173
33174
33177
33175
33179
33176
33176
33169
33161
33155
33145
33138
33133
33129
33131
33131
33134
33136
33141
33148
33155
33160
33161
33166
33168
33173
33181
33182
33189
33194
33200
33195
33202
33200
33197
33195
33193
33190
33188
33184
33182
33179
33174
33173
33163
33155
33143
33133
33118
33101
33093
33092
33090
33093
33100
33107
33116
33119
33125
33121
33115
33101
33088
33084
33077
33067
33050
33028
33010
32990
32975
32964
32951
32940
32930
32923
32916
32920
32921
32929
32939
32942
32949
32954
32954
32960
32974
32989
33006
33026
33040
33054
33070
33083
33099
33109
33122
33132
33136
33141
33143
33150
33153
33157
33159
33160
33161
33163
33159
33156
33156
33154
33152
33150
33147
33147
33142
33135
33133
33133
33124
33119
33116
33114
33115
33112
33107
33105
33102
33102
33107
33112
33118
33119
33126
33133
33138
33146
33153
33155
33162
33164
33164
33166
33166
33166
33160
33157
33150
33143
33138
33131
33119
33113
33111
33108
33101
33095
33093
33091
33093
33098
33106
33115
33126
33141
33146
33153
33152
33141
33115
33072
33028
32988
32966
32951
32948
32944
32937
32930
32925
32927
32930
32940
32951
32966
32982
32990
33003
33017
33030
33039
33038
33030
33014
33004
32999
33004
33009
33009
33015
33018
33023
33028
33029
33033
33033
33036
33043
33043