33142
33155
33164
33176
33183
33188
33188
33193
33191
33194
33190
33191
33194
33190
33195
33191
33190
33189
33187
33182
33183
33181
33174
33174
33171
33170
33173
33175
33180
33190
33195
33201
33212
33221
33218
33218
33221
33218
33221
33217
33221
33222
33219
33217
33215
33214
33209
33209
33207
33214
33215
33219
33221
33224
33229
33234
33232
33242
33241
33244
33248
33248
33250
33245
33242
33236
33234
33232
33226
33226
33224
33222
33217
33209
33205
33201
33193
33189
33187
33187
33189
33196
33196
33197
33195
33194
33196
33194
33193
33191
33189
33189
33189
33184
33183
33186
33186
33186
33184
33182
33182
33180
33183
33183
33186
33189
33196
33202
33208
33215
33216
33214
33211
33207
33204
33204
33207
33212
33222
33225
33229
33229
33230
33234
33234
33235
33237
33238
33241
33236
33232
33235
33231
33232
33230
33235
33235
33235
33242
33244
33251
33255
33260
33271
33279
33284
33287
33287
33290
33290
33289
33285
33292
33297
33299
33301
33301
33303
33307
33308
33313
33314
33307
33308
33313
33313
33313
33313
33311
33314
33315
33321
33326
33324
33314
33310
33312
33311
33308
33312
33311
33310
33306
33300
33296
33293
33294
33290
33287
33285
33290
33287
33294
33297
33299
33298
33298
33303
33307
33312
33312
33310
33308
33307
33306
33306
33307
33307
33308
33307
33299
33289
33276
33266
33260
33252
33252
33251
33255
33262
33269
33271
33276
33283
33286
33291
33289
33286
33281
33271
33257
33253
33248
33251
33256
33260
33271
33276
33278
33280
33272
33270
33269
33269
33272
33269
33270
33270
33271
33270
33270
33271
33274
33278
33271
33279
33279
33283
33286
33290
33293
33296
33294
33296
33293
33293
33292
33292
33289
33291
33289
33289
33289
33286
33283
33285
33291
33292
33298
33307
33313
33320
33325
33332
33332
33336
33339
33341
33346
33342
33348
33353
33354
33358
33358
33360
33358
33360
33356
33355
33352
33352
33354
33355
33356
33350
33349
33349
33352
33350
33356
33353
33350
33355
33355
33353
33348
33342
33340
33336
33340
33338
33335
33336
33339
33343
33342
33343
33346
33346
33348
33348
33350
33353
33356
33356
33356
33356
33353
33354
33361
33366
33368
33361
33362
33360
33358
33355
33356
33352
33353
33352
33358
33349
33352
33354
33355
33356