33360
33358
33359
33359
33358
33352
33349
33352
33350
33353
33350
33348
33342
33334
33334
33329
33324
33317
33311
33303
33301
33297
33293
33293
33293
33297
33293
33292
33297
33301
33306
33312
33320
33325
33327
33333
33334
33341
33349
33354
33359
33365
33367
33374
33376
33379
33379
33377
33373
33372
33367
33366
33365
33358
33356
33359
33360
33355
33355
33355
33360
33365
33362
33367
33372
33373
33373
33372
33367
33362
33354
33354
33349
33347
33346
33346
33346
33347
33352
33353
33349
33347
33338
33334
33332
33334
33340
33348
33346
33349
33358
33363
33366
33368
33368
33366
33370
33368
33368
33372
33372
33367
33367
33368
33368
33368
33369
33363
33362
33360
33362
33366
33366
33368
33370
33374
33376
33380
33380
33387
33391
33390
33395
33397
33402
33407
33411
33411
33413
33414
33410
33407
33402
33400
33398
33401
33400
33404
33409
33404
33405
33403
33398
33401
33401
33400
33401
33402
33404
33405
33405
33407
33409
33410
33402
33402
33400
33395
33387
33375
33373
33373
33367
33365
33365
33367
33369
33375
33377
33387
33389
33391
33389
33395
33397
33400
33400
33397
33396
33396
33391
33389
33391
33393
33397
33408
33408
33415
33417
33417
33424
33425
33422
33422
33421
33417
33410
33413
33414
33421
33424
33422
33415
33407
33401
33393
33386
33381
33380
33373
33363
33358
33355
33352
33341
33338
33333
33334
33335
33336
33335
33332
33326
33321
33313
33313
33312
33317
33325
33322
33328
33328
33320
33306
33293
33285
33277
33267
33266
33272
33267
33274
33287
33293
33298
33305
33310
33314
33314
33315
33311
33313
33311
33306
33297
33293
33289
33291
33289
33296
33304
33313
33320
33320
33319
33317
33312
33313
33303
33298
33289
33273
33260
33244
33228
33215
33209
33205
33203
33201
33204
33204
33203
33203
33201
33201
33203
33203
33210
33211
33221
33228
33243
33258
33271
33285
33294
33299
33312
33314
33321
33320
33313
33308
33307
33296
33287
33284
33284
33280
33278
33277
33281
33287
33299
33304
33308
33313
33324
33331
33336
33341
33335
33333
33325
33314
33292
33264
33237
33214
33194
33184
33179
33176
33180
33189
33203
33216
33235
33246
33256
33264
33269
33266
33262
33257
33249
33242
33238
33238
33235
33235
33231
33224
33222
33218
33219
33218